ENTREZ.ID
196883
64109
3680
2308
861
100506403
23228
6760
8660
2322
4087
7307
102724594
6714
100533467
29079
5925
6445
2626
3265
84133
7113
124905021
6925
5594
598
5079
8312
4067
2776
2078
2572
7150
5371
1387
567
3720
2627
7531
256646
1024
3799
7172
596
2120
10594
9353
2255
10808
7486
139285
9688
6850
639
9314
6790
2321
9203
80114
4437
63982
3575
2188
27030
8764
7409
10139
7490
2767
10000
675
10291
6598
3480
346007
5335
5277
80243
10111
5133
3399
10499
613
10085
340419
701
80031
2248
3717
22806
546
5156
26040
6938
5652
3105
3123
1495
84870
3082
3106
5914
1616
113523636
3107
4207
100271849
930
8243
60561
4627
348654
2042
5595
26575
100616347
51684
7030
868
8932
3792
2521
5324
7253
10019
1793
7048
6461
63035
3977
7153
5081
898
10672
64121
54880
958
25913
6872
6663
1031
51428
238
1436
5159
3954
6224
6662
7994
5053
4851
8216
4089
8242
102465537
201163
2033
9968
10365
10481
2559
9627
53353
6657
5058
2122
2900
2130
7942
84295
545
9212
7905
6098
6926
89857
558
2719
3091
5979
641
6416
580
5291
5296
8241
2735
1540
7080
604
7764
2131
57644
11122
8224
2778
4771
6209
8233
11200
9126
54790
9401
1964
124905557
7508
4869
171023
695
158471
4915
965
5885
1959
3561
2045
5789
54677
339479
6311
5604
55500
3791
6949
57621
3624
8074
894
2044
4854
6778
999
6775
8021
6608
896
23428
9817
2176
105376156
2903
355
2189
1523
4683
221264
1029
5591
5050
1030
120114
6774
80380
22978
80139
25960
3127
55290
3815
83872
5163
2072
23476
5077
2064
2264
668
58508
3320
4602
100422995
6389
91
3169
2625
865
57697
8651
8314
811
23405
6934
1654
3660
4778
2146
4792
972
64919
1108
2260
2195
7187
2099
8929
5063
2913
100529063
3190
4214
3702
3417
367
7403
10735
25
1106
4913
5295
23451
10818
1026
5292
60468
2068
79755
1277
23152
862
4916
207
4609
5890
3662
4261
83990
55294
3283
64897
92822
2175
2178
4088
8019
3394
5605
7248
5727
657
2263
5290
9757
5336
5424
84464
79912
5965
7015
84444
55111
80312
101929423
51119
4057
7516
10320
84433
5468
2324
2177
6494
5294
84231
54809
219285
2065
1956
1452
4170
574406
1027
7514
2251
7422
2261
2047
6885
6446
8821
654433
79877
324
3718
22998
8085
9444
9098
27086
1879
472
673
79728
4794
23512
973
4193
7249
64324
253260
595
9965
57492
7297
7128
4004
29072
80204
4352
974
22807
57521
11338
208
9256
54894
9863
9759
56946
5518
2115
6929
100616478
4233
5395
5378
1050
25766
23624
5426
54851
6654
867
1499
1788
5927
100506779
6794
6708
2271
2067
1785
6597
2113
3481
9641
102466202
5894
7536
6927
9611
3845
339789
7549
605
196528
2118
8726
940
841
7852
3707
55120
8313
79718
84441
1493
4297
4194
4763
8289
5903
4853
330
672
51755
6392
4221
1111
79018
4072
5584
55193
5573
7157
5892
5966
6427
4780
4292
51594
2624
7428
4286
7799
4613
5287
7849
4921
23095
2066
4436
2956
5293
54206
3716
8915
2475
8880
6016
23013
27
4914
3725
6390
4595
1441
4610
